-0.0405045872856035
-0.180346998029976
0.0862180758249353
0.1471824024284496
0.1013213338123697
-4.371075408809153
-0.2995876131532632
-1.556543701862763
-1.668583468695532
-0.9071300879680312
0.2950092666024789
-5.448268803153195
0.1180547508250867
0.0873223980819748
0.0607737755848897
-0.7684291212564909
-0.5140152195468695
-0.7994362681223005
0.4906582933433184
-0.0778857254527815
0.013131543261402
-0.0124821602679259
0.4212305666641747
-0.8999061097030411
-0.3216968421067145
0.4823378533072348
-0.4847646421910234
-0.0953377874163213
-0.3326408953832616
-0.0048558202157444
-0.523437797029986
-2.21124068880297
-0.9631596562812406
-5.161869694199687
-0.4881548732393453
-0.9725395839234544
-1.602554267754408
0.3551404239732381
0.5523039349038389
-2.117045922787331
-0.8873650358226504
-1.3101084796749902
-0.6412853864146797
-0.9614504300083327
-0.2840531563606852
0.1400289597146276
-0.174748248533117
-4.196720011334877
-4.762290418154435
-6.702953678554686
-1.6422211181557027
-0.7717223436272499
0.2771740138068351
-7.05060595142697
-6.023339151253734
-3.0099415601361095
-0.0245598180705003
-0.4645986834892929
-1.2607467883156334
-0.778730606444039
-0.807364113861044
0.7864943405180824
-0.6738290731575464
0.1807051489339106
-3.432857160634076
-1.1511646357039926
-2.145282864106708
-1.3537645601256405
0.2888550314555921
-0.0964847918590366
0.4555589398004228
-3.145843845935137
-0.969788197327032
-3.2056181015780436
-0.7292529850901264
-2.854219905430299
-0.3435900333612959
-0.6785156191887045
-4.294076833220057
-0.3640103473298894
-0.9566284178379548
0.1329440228317813
-0.7817210302869181
-4.327872860078816
0.41882850721084
0.3686924447832479
-4.8078220696235725
-0.2042822031288249
0.8153340766657302
-1.2001581393511702
-3.6917614801063463
0.028919068298539
-1.2686446359938208
-0.3546627077061132
-2.2148225979224976
-0.930932177140899
-1.569329355516787
0.337687282078134
-0.5185206501472436
-0.671027955168268
-2.444657813670073
-4.827125479860083
-4.472844211425323
-6.496932034502673
-5.237079950257713
-2.2004145656053447
-0.6914964572089651
-6.349214147603662
0.1967954512720071
-1.1348479598718113
-3.754064321188461
-2.1165575557021556
-1.430424465242917
-0.57049019268712
-6.2515534029433875
-2.348684706051077
-0.1119565946305328
-0.1193407591270739
-1.6359858667807106
-0.5560166606336844
-0.6288763400849191
0.2540786811322504
-1.481084385119721
0.6302907967455212
-1.512119402241502
-1.5688885186250825
0.0915697103423174
-0.0767248690879668
-0.8552282744819717
-0.8155580759224024
-1.1910470802080309
-1.4253942277972638
-0.7191064642109057
-1.9506776084739583
-4.426601843754276
0.0936378677504373
0.2448796214282544
-0.9265488529288092
-0.3416737363155192
0.3174187954335705
-4.01065530524864
-4.266013902718189
-1.245113699801324
-1.96465193986034
-0.7532118544729849
-0.8316657864563778
-4.771417345006538
-5.272291210758735
-2.8974849585696063
-2.2959374564428443
-0.7500458898705986
0.0447633737181873
-0.5404852360692253
-6.473173424557161
-0.9663787373990356
-0.2139091369833651
0.0734330312275199
0.5776458406758844
-4.371648060088123
0.5095871004342828
0.3186253766078478
-0.216900607276656
-0.8055040692826815
-0.4452386531822208
-1.0541633833354558
-1.5573239906136846
-2.3704998836044786
0.8429693346419298
-0.921963924847663
-0.092578511211003
-2.4245216561901404
-2.617306341835848
-2.202731881698033
-1.2539050830434433
-1.6777376386681866
-1.1094144468507725
-3.101105806329076
-5.421793856306031
-0.3260297223048991
0.0780815855238342
-8.607913431623336
0.1049422471624644
-3.4576894606397413
0.4043151331949052
-0.0788521012771525
-0.2488012124580632
0.5642557984634727
-1.26124806207952
0.1728256639190134
-7.857380656427536
-4.885796415988908
-5.630805601462484
-1.3042330816371102
-0.9515451584880202
-6.72116564996271
-3.698904035469182
-3.8310772563740816
0.3926178385284085
-1.7755730550960158
-0.0899339741872423
0.7614296798010389
-1.0146102475480956
-0.7404431680569701
-3.387525559317732
-2.0739187508097663
-0.458930118715295
-1.9695978105675
-5.817730169177536
-11.391753734767772
-7.332296805004217
-7.157965656667458
-1.178149222434762
0.0527526815610096
-4.696544972117887
-0.7479744914903403
-2.348799142199495
-0.7357879158336812
-2.8709363972011976
-3.5924236712132114
0.0326589780479336
-0.3136869389912511
-4.440484233275821
-1.6802614908131632
-3.276997504041688
-1.362884269025451
-1.6168048006526226
-8.807770022434912
0.1743395801491198
-7.840718706594776
-8.082989379391254
-3.42845911310782
-3.003607789613162
-2.520149139095138
0.3775219321902356
-1.3538887453813977
0.2445645293664539
0.5895395133991304
-1.856142043489197
-9.545934912744208
-3.4412815326259865
-3.905094862397301
-0.3031597313983072
-1.8456870214000136
-1.1932296515412422
-7.370314274308717
-2.738012138186193
-4.015150575788971
-0.7033122216231147
-0.5464787169542498
-8.959552454107664
0.2937584451220759
0.2331979742085749
-0.6667316721748339
-0.5958603935353712
0.4699560732958563
-0.9794818724045152
-6.707187320711549
-6.700188575543861
-15.04061182241425
-12.162609246365657
-3.529796911369277
-6.000377083750317
-7.197339572344778
-3.376902728297656
-3.639698096724421
-0.5190353730133096
-1.3853168065926915
-1.676795626973876
-1.1116301214942412
-2.174077834523501
-9.379395980590475
-5.585572244127518
-1.281215179896848
-1.781160214159543
0.3557393629833916
-1.125163481686834
0.3531144312509482
-0.2386351644746187
-0.0853166224664794
0.1281378692964152
0.8428619875816323
-1.688259724970521
-2.8599934459257654
-9.445658645656238
-2.0026627875259035
-1.345949034860766
-1.8772713037983884
-0.3401972508310541
-2.021143629020515
-3.8809499803775833
-4.165990678033916
-0.6061014172844642
-4.403214302753275
-5.1263317473198615
-3.3242396131084786
-1.9647945719543107
-2.905195668393121
-3.3402595789563216
1.3505362913015162
-1.9345067670980467
0.7128959116824307
-0.7368452034705641
0.0624097846617399
-0.9908717700503636
-8.314677327131545
-1.4283423670588862
-1.7066601685504783
-3.3458918153513797
-3.404843783836913
-0.59513134262895
-0.1381186429001174
-0.8548191647567707
-2.0246024123251423
-0.2376810956033148
-0.9124061430561236
-7.487888910599519
-0.4792642351600579
-6.175083211565125
0.3944517244891793
0.6035803394652084
-3.6542202957570273
-1.2833159983895337
-4.311311204703513
0.5450694778003884
0.2837778754314707
0.1549151392840991
0.259154550754489
-0.1864520921240764
-1.7898833532687402
0.8519501059012508
-4.662535230606146
-6.201212887257421
-4.6289611429114625
-11.437977571045629
-1.410889809724314
-2.4128200101036077
-8.64415710506215
-1.3373252768338266
-2.2038375917563204
-10.255396811996542
-4.0111696726084585
-0.7673183915302303
-3.092946039005201
-1.035164778669183
-0.9983491660922396
-10.26872258340864
-0.3894369802035069
-2.988234614529059
-3.300465177591493
-1.061346885490709
-0.2938054125392522
-6.883237692400869
-14.985410173957462
-15.889692164128652
-7.069272998063756
-0.5568118003013397
-5.524483148265851
-1.4838091750374427
-1.3696926590623375
-0.5389105740533692
0.756424578529239
-6.660555295670649
0.2190095491872512
-1.959585975972965
-2.266176828586742
-1.5953484059537448
-5.989311220543211
-2.070608622677844
-3.684185626823664
0.3202054968498824
-2.067276138991148
-9.124444517802852
-4.1958309464551835
-1.5798977210186316
0.3263687718275027
-0.42106412870763
-1.4415209922909042
0.3530075397758431
-2.009028928633436
-1.8115534605715276
-3.178748039626535
-0.7816295992718729
0.7058943556693359
-6.330182294357196
-4.017689196282476
-1.651908647395679
-1.998702279762489
-0.0140043373825179
-6.881046499036021
-0.3570409398831531
0.4725790415238801
0.0654089728101553
-7.492344045550542
-2.610355488839992
-2.8877400783177287
-0.3422686267234942
-0.5498296489084747
0.6235705111294487
-12.006694292432565
-6.908218390590297
-0.0664353215588925
-0.6865054568491495
-0.0015725471685301
-0.3533482556528713
-0.1603927159590773
-4.506464203620036
-3.364213556401313
-1.307078861022405
-1.630917082112342
-0.0944039523646567
-1.3031185161746928
0.362054404699243
-5.788312338785674
-0.5562826606503704
-0.5062552739247747
-5.181775921168166
-9.081941642005717
-1.7091058325034665
-5.728489690363254
0.0286380482572773
-0.0860279790415338
-1.3489006641071348
-1.1321374575885397
-1.7229698274727276
-1.5952870580226155
0.1430378288567302
-4.009283609755652
-6.464564906613399
-1.829220923291503
-6.149478213731955
-1.6988758924344844
-5.918025564337409
-5.635523826430947
-5.318537347898861
-4.3375425645057595
-4.913087503885473
-2.311419530497587
-0.625944516572883
0.3907388850829807
-4.392327777028717
-2.3578642722735097
-1.3774221187960656
-2.359078220593323
0.0730519221242909
-6.561220332501075
-6.145660045884879
-0.7868394270529577
-3.844612986059467
-0.8279154191492146
-10.525484775054354
-10.878957820269468
-7.777473951518842
-1.786530287273104
-0.314048123564607
-3.038766167132174
-0.7975219157662972
-3.081221960058948
-3.029081873012051
-3.7600967449896654
-3.7173555128950486
-2.1078670101174013
-1.9285083725397651
-0.0557215018330098
-3.15213833322286
-3.617916949692696
-0.8697633942544927
-1.01779449924976
-0.9382134109146004
-0.975526544748914
-0.1296791317815704
0.086717660383157
-0.5426027844048638
0.974140974443442
-3.3225432341747196
-7.290850792389587
-7.099564284027743
-1.907288373195215
-6.842177099288027
-4.936100532467146
-2.7940468364864106
-3.7350637754691074
-6.257574749590049
-2.3455505667
-0.6770561006354925
-2.114136876522247
0.9396551634901668
-7.381894073187428
-1.1004912124268014
-3.313799520146874
-1.7504534182995148
-0.4462076247557583
-5.43206644648452
-2.270007065614877
-1.3040208428586175
-1.142002142985857
-7.892937163766062
-2.478972378791993
-0.7854146214159691
-1.3688896066189995
-8.784185932103352
-5.858716802614692
-1.1239333876656108
-4.549063719813885
-3.7926967176094744
-1.2454750517618198
-1.3134921178829413
0.0399576662201839
-2.577602656319105
-7.351859905640884
-2.3532529603718633
-0.5111382539328176
-0.9913737862871526
0.0928575060251296
-1.523948940975565
0.2942073604758022
-0.4458059901802658
-2.398165094500885
-2.646572121762586
-4.018723220105659
0.5775041750872939
-1.2585436685776124
-2.545706867911684
-2.383515362624485
-1.7968632860707832
-6.647749103250085
-7.206338336380375
-2.3503531199113716
-5.36623284310193
-2.043697041957299
-7.556515443505394
-2.9547124038080654
-5.082635558403597
-2.096578268238348
-5.381891275305011
-1.74183094761605
-2.4011125093279344
-1.3390582662857022
-1.819991535560939
-6.190854635169499
-0.5295200841059147
0.1258994995681484
-1.9015515487106676
0.3527802974661648
-4.132706162641564
-0.992205742328326
-4.324176054065603
-5.488600498881884
-5.359539954028038
-3.9692237680153095
-1.9137695080104888
-1.6517392479124942
-3.9743553871087034
-2.4307099495853297
-1.3783171703565906
-5.254405431959278
-3.9709163640373633
-0.7356085890433101
-3.0311518041016985
-2.0284315240144615
-5.437016082225631
-1.2187963834345816
-2.479589590703304
-7.767560342526631
-2.5823976961282717
-10.255706019147857
-0.3798486443470339
-9.366566828226574
-2.6758863206822516
-1.4750173995638352
0.6783207769346488
-1.5804822841211634
-1.088642768095473
0.6148786991554323
-6.717350246226208
-1.7743117027513198
-7.63338394875875
-6.873349913779828
-2.508089677302465
-5.2281245329395265
-1.7297221496460229
-1.266406698426037
-4.363576270582766
-4.928782938124154
-2.1492505617265536
-4.8121848204320745
-8.190041875537025
-4.309893293827664
-4.42650766426984
-6.53608015673507
0.0893889291778371
1.6100719784056785
-0.8017630723827163
-0.6914200240820689
1.835864397140478
1.8768255080608387
-1.023810161832241
0.1605452455958028
1.420290829819388
-2.245203170621921
-0.1345067416581499
-0.7977990825207455
-5.349875400537653
-2.993476235252135
-1.5348227454020231
-3.986718159317159
-4.736528843896139
-2.7596504112536135
-3.2050626479280573
-11.070552484973271
-0.3006759781308186
-0.2486489394941449
0.873186155410423
-0.5689562806459436
0.7396293550590283
0.2336341309981349
0.1264124146182704
-2.6448307077848696
-5.603603297660058
-6.402917118383906
-4.024531475092488
-1.8424102864098408
-5.124590080368375
-2.1031753104907702
-1.9961909714950348
-0.6234964153960121
-6.829198878906761
-1.4347450869125222
-8.970068373982619
-0.8132629152751749
-1.4433359591603885
-4.690259765991568
-4.513379975177614
-4.13918086332451
-3.93690895891309
0.4953436913075854
-5.360501380810015
-2.357495444583651
-7.388388352920384
-5.057937649862449
-5.1220601505907695
0.2800782710253507
-2.9847599063991175
-0.3582412569471854
-2.9977965310257657
-1.046934854526265
-5.782247035442909
-2.750822968550535
-1.134418866502267
-6.233745593155543
-4.248354557517459
-6.170338043512287
-2.664749437932668
-1.4214269096648473
-10.03977957447929
-2.45345685245793
-9.426962442718768
-0.4302491727026586
-3.18235062581509
1.0989719793302126
0.5717939724805203
-2.775097753305521
-2.6477909474447316
-5.7647721988727945
-8.10149784118627
-7.739224328169146
-5.062074119901782
-4.676600804429722
-5.550134660316724
-1.7897457790422475
-1.6516011647981834
-0.4440055400829373
-4.917477068359801
-3.786202668315777
-4.384003170509193
-0.5324363957051672
-0.5589941958612205
-1.1437334416146792
-4.630138110006344
-1.6150058315381135
-1.6406209633410835
-1.4132278817144983
-0.28048970658
-0.4349137169869335
1.875939854109552
1.6964843252966073
-4.845697805445797
-7.199854752853618
-1.1198586852878765
-6.111744553820858
-1.6590487710017592
-4.265575211200994
-8.068037310813441
-5.662315263048713
-4.543315281377902
0.4981987276744465
0.5692162856089217
-2.2531707208375025
-0.5865202910163836
-1.845247006978521
-2.8491153071672857
-0.473931460592351
-0.3406200513871926
-2.026032435717636
-2.8117260064719285
-3.5924819721757077
-0.1252998113494102
-4.588258479526836
0.4548181969809023
-0.1624773396306938
-4.1660488407276075
-1.869834593588819
-12.432715373680653
-6.384188786262293
-2.10095417100185
-6.618256847702009
-1.256239999531799
-1.3475005138607266
-1.7355026354934664
-5.55311764786446
-3.238936646274511
-0.9983213624887264
-4.32712503937599
-7.1558432942572034
-5.2595268156115695
-0.5167497251011768
0.1594556742167824
-1.8824297612607237
-3.035795582901655
-5.6622367160290175
-0.8483895211384936
-6.066239782903995
-3.3849156944329772
1.1061984685425414
-2.623818452427471
-0.978230692173299
-1.2614276406088911
-0.5274684817164653
-8.10048578547181
-3.023584198819418
-1.517185435612293
0.708633553839404
-1.2513234594531806
-3.1224428788920293
-9.779445409842646
-1.1606223605842672
-1.7390274449869727
-7.95898555369948
-1.795232546495943
-11.285147556434554
-5.029200013287295
-11.170165837196423
-1.767868467828659
0.1041980210925574
0.6403037801380274
-3.4092359134584296
-2.6427403082532988
-4.623145245387659
-17.37997269440428
-9.934508899671789
-5.131092274257011
-5.18052965825897
-0.2065044888068051
-10.102284380759624
-0.1385655285467391
-2.5434297119703517
-8.361021922255606
-6.393469956614155
-5.999422554580567
-10.224201680501954
-4.430257789509835
-2.18005930649156
-1.7323939157758783
-1.5426283490574049
-0.8864573071226839
-0.0881086119416119
-4.440761388951758
-4.837661289795182
-6.2865964342002085
-0.2761129280361001
-1.997633318381021
-2.525116814819926
-3.283560108134048
-0.5514111868626708
2.11950743282703
-0.0439992313111742
-0.2707510205439023
2.369138447061742
-6.499212059294141
-3.324361622868709
-5.602276281601265
-0.4851340471152343
-3.7320940721009017
-3.534581413561474
-2.1199838186364057
1.3410242400832673
-1.70897933198207
-0.8582449508614759
-10.09146870057255
-1.327071630634688
-1.459857456104996
-0.4946278613758675
-8.650870405609869
-6.664829212403621
-3.468230079379667
-11.324769194121757
-5.178054365475033
-0.1664439837853776
-6.02889496886262
-10.52715186878971
-0.634423911586286
-10.331956424849816
0.1464807028724402
-2.7397901991695317
-4.150655711730931
-15.414746988955793
-1.4829087791219795
-6.712523619428978
-3.4859643549921193
-0.9654533417065152
-7.285160131097085
-3.269989172908382
-9.743227964075846
-4.972957997512232
-7.778256919090027
-2.876505468178334
-5.641862230904589
-1.4868815363310477
-4.435656775955742
-5.253043189842128
-10.035467327639514
-3.8590065867581864
-5.978846683077236
1.09638205371703
0.3759530766606959
-5.198017613551031
-7.029195072523567
-4.138373062168133
-0.1915443621169482
-7.482698915939927
-1.9941218235849811
-3.5293514801099706
-1.1734724214918637
-1.168799237511214
-2.724457017034753
-1.7643786490837896
-1.1954878905191328
-9.064647615057998
0.1806475860050249
-3.70536711949215
-5.861224158236429
-13.098845647424856
-12.008760094172526
-13.038657239981154
-4.221872694258457
-0.4671466261298612
-0.6358848739376222
-2.5804068477227693
0.0820100677220851
-1.9448568716514751
-0.9141041854150058
-8.360830028194716
-5.473681806211176
-1.1131805553528211
-1.0582019353603689
-3.051780928611864
-2.7592492591607387
-2.2920178850745785
-2.3515021370230684
-2.311436614962289
-3.609373901255757
-1.754392292658645
-2.7111566339523794
-3.190786421019288
-3.832891992226177
-0.4298773763006133
-2.8915779255003167
-4.091963681310083
-4.445000259862421
-2.792902985946469
-2.007551938437083
-3.849558073780744
0.104206818594991
0.1984107467439309
-0.8212552104401327
-7.205592960821434
-1.8344549948327975
1.911839764353584
-8.866360808609455
-2.4505261957821203
-0.9021802234891124
-3.315963211449524
-3.594589124632339
-4.468365423519647
-0.4720041538098668
-0.529545821731481
-2.6888993895974527
-11.270164649710882
0.7517546405668957
0.2426168614896495
1.3064710106402075
0.0331104144293264
-2.382323381475272
-4.226894043379349
-5.119840766487769
-2.4514485206036243
-1.6128316636357716
-5.942646896104883
-4.8531671428520085
-2.3211221543514533
-5.172982023078198
-0.0086329192574502
0.6743162648109591
-0.3185132421597616
-8.034978121120593
-1.688419546010586
-1.3926634517349872
-1.154450906193696
-1.434438536194011
-2.0404075089465605
-7.155597567080324
-1.7332982771418748
-0.0167016223874116
-5.389839160400154
-5.738463104722458
-3.1006957521585568
-4.001783207515746
-3.6979003584947474
-2.4914921479496006
-3.4364444795783067
-0.8573726581081642
-2.982998001534611
0.0641582396950846
-1.5746038221978578
-0.9540171363900912
-2.3759830293050044
-1.1142688784044164
0.8468356499226848
-12.092137255314396
-9.197123723173949
-4.818311351058551
0.3726124777042223
0.6571032738132748
-4.257325338740014
-0.3268800271370045
-4.128961907341055
-2.2601419248470904
-2.6449425598601763
-1.0908518741383963
-0.8026016116158977
-3.1532713023542245
-3.2023695137346224
-1.9772658669932224
-1.6693353824567752
-5.170274615162108
-1.2504904086375213
-4.296228477335222
0.157064843583245
-0.741498208582922
-0.2494094965564255
-0.341918372480306
-0.8275045661980003
-3.143593659349422
-7.79973906836147
-1.3376614869831518
-1.0559900298962257
-4.172035521910313
0.0591924117035469
0.2088746572737426
-4.96597627157803
0.2687245415940276
-4.509438298023115
-5.038321876063611
-3.671765325033184
-5.8018209446517455
-4.264498304938607
-0.5186428631130349
-3.644517423252358
-2.558852000854857
-0.86809263121072
0.0878401969436959
-1.0244720389997914
-4.392342498600126
-3.8602377581034175
-5.144694499938796
-1.0191077484767233
-2.99443580505481
-3.7993967296879823
-2.1351635706958456
-11.13358150007335
-2.8397132238914375
-6.833094033974518
-2.5603574933930666
-2.7742531043088277
-2.2818139330313474
-0.1241856336974797
-3.3393546674234185
-0.4702930264837318
-6.947176870128686
-11.27154400974913
-6.0538219658607275
-1.9343147043242492
-1.959006791644052
-12.304844564928022
-0.7670521762259893
-0.4367376892591074
-12.029420471849352
-0.4606789368114106
-12.222714205468286
-10.803615031559907
-5.1356724262374005
-1.2044340907220894
-1.8283729996217664
-2.0015883716498535
-0.5971087823670947
0.6770124039496677
-13.04693675600101
-2.615245247959926
-5.922274086067609
1.668727194644786
-4.251676977171991
-1.1585721027795115
-7.953148233957552
-16.88154495384864
-2.382699864740476
-4.466334901293688
-17.11534501746674
-0.1549725417834113
-4.569412802579408
-0.4735332322470744
-1.0750396447859043
-10.264119282073011
-6.116932863476061
-3.4696111344272844
-2.908542880660881
-1.8136480878275263
-1.3443517146001596
-10.47633357262096
-8.652941651182008
-3.6955493965485418
-2.221178313119609
-4.083578855004942
-8.47677593178571
-0.3439965743634854
-1.045202852372547
-0.4710801882868961
-1.5567901881964252
0.8811536615011739
1.6699264753392926
-0.6759246850658187
-8.931982661893809
-3.098292392638885
-2.7104129067759333
-0.0197903014205397
-3.8112751339526736
-14.08843847133166
-0.3649833930778791
-11.334823253143153
-0.8131376609936991
-1.444732217577564
-3.3042243362103108
-2.112188001203826
0.1500169557121008
-0.5427567853275531
-9.268762633990342
-4.513839478683561
-5.2159197826897215
-0.207334679746155
-0.5519990038137251
-2.5382418761879424
-1.3371942659879177
-8.273346420985492
-8.36855453179331
0.0785637520934438
-1.2718580631648613
-1.142907552265391
-0.6970251575746755
-5.041746565191276
-4.098132013037272
-0.5114254763590944
-0.4272577711447384
-3.47916517585712
0.4961450866194694
-1.248925296067799
-6.559440467845037
-4.1538933192074055
-4.402539649129746
-2.853367192651336
-3.258519786593939
-1.334885122848524
-1.8507038361116392
-11.44450382155398
-5.619601493609208
-2.5305670502405713
-2.5899394946769925
-3.443970659963499
-0.1220414668153579
-1.579835672905742
-0.8982130426193752
-0.5085354645822606
-3.875891196947461
-1.0587323629997374
-0.6803110138221021
-2.096654528697478
-2.565187047138191
-1.5739704436904924
-1.3090427642494853
-2.318096609503172
-0.2418365965533511
-5.411248564576357
-5.688896241298357
-3.4448052969986085
-0.7684613601658487
-4.866315543917615
-5.717730990295225
-5.879398625381437
-4.499545423210762
-6.705053370500618
0.4992064933819451
-4.189807292787856
-1.024380542163816
-4.706979033870565
-1.4880946198792593
-0.8919502201630799
-1.4017953362073752
-8.920211506648538
-5.369488919398839
-3.811264486373372
-4.585782644899569
-2.1117826088890777
-1.6777828059797868
-2.395692905708099
-0.2759202833220198
-4.96816115262238
-0.4415810718909865
-4.103110937279978
-2.802841750600785
-0.1547490310386973
-1.3752293733585264
0.1216301253755791
-7.887435787486875
-10.008633596030208
-2.324746060051877
-1.9987344109529852
0.8362816802202155
-2.347908098447987
-1.952973922760695
-5.712306395584461
-3.587373849652118
-2.8805134167959254
-3.555496052458457
-6.386593179978039
-8.864539145270848
-8.342581344182491
-7.833509628727272
-0.6281045556076382
-5.71114702936144
-8.010052507922694
1.6912929085810582
-6.7078700605246615
-1.2784636980993396
-7.357188962599607
-2.208338477544472
-6.922657162780216
-2.750610727168262
-0.8343568431813394
-2.4850542790853685
-7.615425143204165
-6.83194017875087
-3.1879783104745796
-2.816715081675034
-9.245266587763275
-3.0749585436203057
-6.516242249262083
-1.6964295302813788
-1.4178046753806983
-5.655465731236557
0.2889977975009783
-4.929820073645272
1.5436565296524658
-2.4161171778371173
-2.113678867043487
-1.7308514470278586
0.0265033749301901
-6.047239462606105
-0.2948237270152953
-7.456507945753632
-8.703953748310331
-5.01199264459312
-0.9562644601692274
-2.7226336055665428
-2.1700044745265066
-3.5272815965715285
-1.4370858942528306
-1.574303846163227
-5.255127637585605
-0.8405994817339651
-3.3683847766295276
0.9927432064192336
0.3830143892468518
-4.12675446676189
-3.8773682828632214
-8.936584645671761
-1.2299972105925263
-2.198223781464516
-0.3947532835463987
-10.210383759339932
-2.864926553922148
-6.236631858962786
-1.33760815918039
-1.3774829371598978
-0.5744860771501448
-11.288687403985245
-0.2460691086596003
-1.176660705930762
-1.678329115114472
-0.4747214625879772
-10.735745386825029
-8.678186757873686
-3.422881026349092
-3.5637729128830635
-2.317466400872008
-6.311507441221838
-1.5403591252801598
0.9450763175332466
0.0475701976408091
-0.0532322989291739
-0.8265304577801756
-5.901849572750955
-3.790458692660332
-3.5100171173032715
-0.5299612027163861
-3.1636987998190933
-3.1783110714704046
-12.182407470712471
-0.9971210812507152
-6.5165604477570085
-3.707043426952126
-5.510959137585403
-5.460460484940843
-3.1881002318778995
-1.7335436330380476
-3.642768487681264
-5.5252598843809055
-11.023882668897867
-3.076197287221391
-2.7236494365680457
-1.8960170382173824
0.3781889525624016
0.5814449899222318
-3.208423485507516
0.0137185319465998
-5.677044059896636
-2.0689761724650713
-1.5082716271353291
-1.1077613357477236
0.4360461531645043
-4.7096879670990335
-4.238808753584732
-0.4827618216970155
-2.747692188798694
-5.3275143127184466
-1.2179254170650426
-5.524459087229971
-7.389473995101936
-1.1367764825428144
-3.8893364740881182
-1.1286892863948788
-5.504137588535802
-0.1587458949062024
-1.8657163514369692
-0.2311200430191862
-10.828762503654122
-0.4541886206188591
-0.3357115615031233
-2.000293422734152
1.206749386430213
-1.805622396648618
-8.078203396212158
-1.139279430575653
-14.325503995646322
-9.113449572095057
-2.314641653049308
-5.946142580997555
-9.358136461733324
-2.2186356756567736
-2.2409856340142063
-5.44324220193555
-8.853311255600294
-8.337766579648036
-5.29628020815855
-0.9936918171407236
-1.8630818469523205
-3.7705865649796304
-7.5176870587174704
-7.350577017938084
-5.395785491375575
-5.643786087902142
-4.102768859715679
-9.012378840249598
-1.2880961251134022
-6.658497851693442
-2.3671318844318328
-2.198447273150758
-0.3893819473320509
0.5035685785697491
-3.124089632303247
-4.567071830640519
-1.9979060192709732
0.3103584176757357
-10.06326543272197
-10.020885572534718
-3.0962237266475334
-4.0340911383059135
-2.251969791665752
-2.049798886769286
-9.055744807652149
-6.519326447453838
-2.974689223804855
-1.280248584684292
-2.6201251183340712
-4.6541141112302595
-2.8169294557799844
-3.999959174319251
-4.132248365343017
-6.876561901341904
-0.2628491933129967
-6.941861575516468
-1.0087705827712043
-1.1344903226591314
-6.451570222639812
-7.485451441106551
-1.8557187440874108
-1.547725116582593
-10.975454869231148
-3.3927572226748213
-3.0600722770740973
-2.5499538029423543
-1.8532274455572204
-0.8923930411291664
-4.7958394668879
-3.99495523699367
-5.987637499286261
0.5590185494193561
-1.0050348708986467
0.283894961326489
-1.900526895485536
-2.704866000587068
-0.9553766219400288
-2.379771669978547
-1.2920645303625773
-1.494444531560254
0.248815075465657
-5.841974491816179
-3.588786041229233
-4.434247692117982
-7.7859083618161185
-2.3277892121692765
0.6209123585958883
-3.594496958571044
-3.800041071753681
-2.1928110395569305
-5.1525113613815785
-3.905193899521501
-3.7425385109053417
-2.009634630269198
-2.222759520171792
-1.2010499635088072
-0.3016508200328344
-0.8524994453806601
-3.3509553102805523
-4.912065332910896
-9.256601974429165
-2.650935985273083
-10.32419181352678
-3.8725697622724775
-1.4021471687615874
-0.3761675880521816
-1.3711661136029425
-5.290759651920295
-0.2652965055013125
-10.598011479562036
-15.17446931753643
-5.622201099713645
-3.3727397479516616
-2.605604216165353
-3.801693037208602
-11.714091187031418
-4.821869582894543
-6.157326054363603
-1.1516630024819932
-0.8148626365570361
-2.4365766374780176
-3.2120685368192357
-0.5842188591032368
-8.32120211078249
-5.630159199156838
-1.7538685578926958
-2.7313941176338172
-2.6666079751787035
-0.5384807638687447
-2.2352141050465164
-2.0189976503802587
-3.814275192159051
-0.9825367400647051
-1.2641022104067536
-5.132937219489394
-2.7651852723466637
-1.7222494712126146
-8.514974650315388
-0.8727155691491342
-0.3861151687169767
-1.6207575225546271
-3.4683059577257547
-2.6152635559119664
-2.566455424804241
-2.1111034728173976
-2.806878864774259
-2.8205720606892952
-2.3343008020142473
-0.4618113786716173
-0.690151256624602
-0.8900524689686196
-0.3626529431220556
-0.0453122020258591
-0.8155392276663739
0.9190235539824751
-6.6365448099085835
-11.94182509720517
-0.9870139554995062
-6.307654206563182
-15.25017986163246
0.7456941830122353
-7.367227742659136
-7.447324949854279
-5.602341784797025
-7.733278896137541
-2.9810313674183395
-9.71978599273113
-5.389809212048217
-5.67693737864383
-16.48987761222112
-4.328008406628328
-13.122126595748492
-10.87826320843662
-1.6315081744484683
-5.7709505550723526
-3.1895039970059704
0.0994074694125701
-1.1967400934950283
-5.062405214750976
-2.8193207255683177
-4.603044572536516
-1.9331617128568437
0.2649316915068983
-0.0173815133065502
-1.2573008727988473
-9.08260825509308
-4.004950976688021
0.3510784954732993
-7.986998104833743
-5.848741196556862
-4.238726344507491
-4.893026321281478
-2.13174181903582
-2.4721924867183387
-4.259417521584686
-4.177159566824941
-2.659893026137559
-0.1251540740363065
-1.7274061180576394
-0.741052947472044
-1.027964889098134
-0.8387910076958505
-1.3626909452428062
-1.0413423810703264
-2.473667938411153
-8.392250201896186
-7.071431221778827
-1.063573625210147
-2.375187433598388
0.7459901424044522
-4.655861985821196
-9.107346154372465
-1.444884931400456
-5.458509038370202
-3.186046634128293
-14.393647548512527
-6.0533429660651565
-12.59192543923941
-1.1782755839349512
-5.836002557013397
-1.342734368328757
-2.17171040380407
-14.699550012950096
-4.063593162825994
-3.504252995258721
-0.6639170486153625
-6.022672320849631
-7.676042423893535
-6.562504771532647
-3.587393645032101
-2.7554645968326383
-2.1200026301196964
-2.893989815868728
-2.663753622524382
0.0199258066142971
-5.244661096738503
-5.494011388193861
-0.9875127389242184
-4.5897187456016475
-1.497239861836463
0.5125997937996701
-0.2805319224239031
-7.055165347774067
-5.552821696771152
-7.832634815621903
-6.196399658676828
-10.17424688916448
-2.1446995985966097
-1.5571557540800316
-3.812539604243977
-4.034689284722449
-6.746525213269321
-3.378666003215439
-6.068204200479645
-0.4021294287541967
-1.410899948935594
-1.830647311592116
-7.176893987857611
-11.512472841502642
-1.21401597239703
-1.088021602828294
-0.8013017052903384
-0.2962661587692066
-5.6785712145534095
-6.523516916314437
-8.015417896269035
-3.4766103114537708
-1.425933299748099
-1.4421993321019204
-5.697754845726315
-5.704696513908911
-5.2478346677096575
-3.163866164098833
-1.7451415227893172
-3.1092540193511846
-5.271331135978592
-3.845676957264238
-1.4838928714621713
-6.2071323688084
-1.6201361010583264
-1.8770320280124453
0.4670089187998838
-6.524024020333318
-2.6898691902416223
-4.448020149336098
0.1030076019556153
-0.2746012391703467
0.9142668568379196
-3.008007528258597
-0.6262584766461794
-0.7680535402183188
0.0192802858377533
