27.9617
39.8155
55.6143
61.8757
71.4708
25.9854
28.0653
26.757600000000004
26.134300000000003
27.0918
31.199500000000004
23.064
40.0704
39.1244
38.4323
39.3513
40.0168
39.8811
40.5003
40.5865
40.2801
53.3946
56.7124
55.3919
54.9708
56.2855
55.6493
56.7624
54.8999
62.744
60.3409
60.0322
60.7015
56.7917
60.3652
60.9321
60.6313
63.0684
71.5117
66.7734
69.4293
69.6725
70.748
71.1977
70.1117
70.5537
71.6002
69.1044
26.3834
23.216699999999996
26.7127
28.9951
25.4178
26.3577
26.81
29.5302
38.1908
37.4962
38.088
39.8458
40.3311
40.1952
40.6194
51.8008
50.1988
53.3214
42.6409
55.2049
56.8337
53.5
56.7025
53.0902
56.4443
58.5916
60.7973
59.3828
59.8554
60.5934
60.025
60.289
61.3453
61.4035
70.838
67.1721
71.0699
71.8584
65.0617
71.5257
71.9537
70.2562
65.1974
71.3553
71.4696
71.8133
70.6132
70.6956
71.4753
71.765
71.3457
72.1079
24.664
24.733400000000003
25.905
26.6818
25.9302
27.029000000000003
29.0905
34.0739
40.4559
38.0882
29.8475
38.4015
38.9948
39.2342
45.9415
48.9615
49.7214
54.5426
52.8944
55.5187
54.8223
55.2558
55.8982
53.0722
54.9296
58.2306
59.3306
61.0727
57.7388
61.0385
59.5831
57.8987
60.8873
59.7721
57.6097
62.0164
62.7723
61.4313
71.0108
70.8311
70.5196
70.8426
72.4849
68.3364
71.1454
71.3757
24.6428
26.666799999999995
25.6424
26.336300000000005
28.4054
29.927100000000003
30.1469
31.9061
28.7784
27.918500000000005
40.1348
40.3103
33.8467
40.2485
39.6005
40.7044
40.912
42.2012
54.13
55.6928
51.9151
56.1087
55.1197
56.5103
54.3738
62.075
58.6166
62.1615
59.8985
60.4153
58.9544
57.9601
61.6191
63.4844
62.6608
70.9486
68.0231
71.903
71.0137
71.4826
70.484
71.5816
71.5043
23.080399999999997
24.961
25.3657
24.895899999999997
30.0367
21.7862
27.2785
24.8002
31.2205
27.492
30.8915
28.9996
28.3367
40.5706
35.8045
36.0678
38.7271
36.5938
40.3289
45.2458
50.8992
50.4514
55.1179
56.343
51.5683
56.3965
60.5778
59.4546
60.7585
61.8564
61.7808
59.6141
57.0107
63.5633
58.1864
60.6368
66.7611
63.1346
71.9092
63.9454
62.4637
69.0538
69.469
69.8311
71.2188
70.6826
72.2606
70.268
24.308
23.1473
25.0791
24.378299999999996
29.8824
28.2186
28.7226
32.151
29.9614
38.0325
28.4567
37.3109
33.3398
39.5575
41.994
39.4003
40.7198
40.3941
41.8865
45.4832
45.7887
45.6637
46.1
41.7087
50.7185
50.0544
51.7465
55.8259
54.3243
56.9354
58.8044
57.8543
65.3194
62.5215
57.1276
72.3506
67.147
71.1365
70.2078
72.17
71.465
72.6139
73.0667
73.5019
72.7064
22.7015
21.7597
25.8944
24.9651
25.1134
31.0691
28.5731
37.766
37.7882
30.651
38.3325
33.6111
35.8159
36.1442
37.7965
39.7356
43.1209
39.4071
53.4884
56.3476
56.0193
53.9119
51.1785
56.0669
56.3819
62.4193
56.7847
59.2109
59.7932
60.2613
61.0937
62.1682
61.1485
64.5397
70.0775
57.3171
71.3249
72.3029
66.7049
71.5842
67.4324
73.5405
71.403
72.4963
72.5376
71.9912
71.4663
72.4748
22.1837
19.8103
22.5529
20.7813
25.8431
24.5982
24.0899
28.9593
25.0321
30.7421
26.1304
30.1673
34.845
36.8069
38.741
29.5363
39.7232
36.9595
36.7279
39.253
41.1729
45.6326
44.2972
45.2296
50.9031
53.2044
52.1728
53.4624
55.5278
54.7811
53.8579
50.3401
56.1265
55.0791
54.9379
55.9078
57.4668
59.6937
57.7861
60.4904
63.6885
62.9614
63.0107
59.8068
69.6346
72.4841
73.2001
72.2545
63.1408
70.2379
72.2992
72.4542
73.526
25.5536
22.5216
25.5259
27.0941
31.1945
34.9193
29.2225
40.0593
31.1902
30.1712
36.1446
39.3198
40.5234
39.5833
40.6841
39.526
44.2783
51.5849
54.1901
53.168
54.2077
53.3477
53.7651
40.5519
55.2155
55.71
56.388
57.1296
57.7826
57.1029
60.7551
62.1873
59.7115
60.5506
59.0928
61.9176
72.1199
70.0241
72.7057
71.1232
69.2946
71.7772
72.1276
23.665199999999995
24.5361
24.5686
26.133
24.2509
16.3983
19.4319
27.340200000000003
25.297
34.1447
26.0896
29.7836
29.1877
37.2645
39.3299
30.2578
32.6487
39.7545
33.7386
35.8351
40.3349
39.7261
38.9604
41.1122
41.6302
45.4227
50.6131
53.4288
52.3126
54.049
54.0747
59.944
57.0595
61.771
60.2178
60.7624
61.0583
58.0698
60.3802
72.6117
68.7541
70.5183
72.4826
71.5397
73.6186
74.3441
73.1271
23.8465
23.0807
24.9597
25.8347
25.0747
25.6857
25.7959
25.884
29.6806
29.4209
30.2418
25.7131
31.1297
32.8018
36.2998
40.6479
39.4621
39.7982
35.7307
41.6479
38.8917
42.0613
44.2663
49.478
53.2229
53.9965
46.6934
50.8729
53.876
41.6811
42.5306
55.3467
51.7666
54.7826
55.7665
60.9218
60.8153
58.3425
63.1156
64.1983
70.9376
69.1316
71.4493
72.769
70.3604
64.46
68.327
74.5325
68.2981
73.1745
70.7107
22.8808
17.2463
23.6205
28.91
26.404
22.9656
25.677
22.597
28.7512
32.8505
28.2453
29.6553
31.0929
33.6797
34.2572
37.2304
39.8502
36.9298
43.379
39.5245
41.123
40.7391
47.4178
47.5318
49.947
53.0278
53.6108
41.2583
54.1875
56.1714
43.7221
53.6664
59.0793
59.2628
59.6886
58.8701
61.8815
64.3522
61.1974
65.9826
62.6055
70.9826
67.072
72.8568
72.238
71.6588
70.2771
72.2142
73.6593
25.6509
23.728499999999997
22.4154
22.8278
24.6681
32.8557
29.3421
30.4931
26.5503
26.898
30.1694
36.4264
36.517
35.4169
39.9357
33.471
41.4373
42.4837
40.0809
40.4303
42.9082
44.0611
53.5724
55.2157
55.3963
52.886
54.1723
61.3837
57.6844
57.9404
71.2961
68.1493
63.5416
72.2346
67.3253
62.0068
71.2138
71.0398
73.5773
71.9542
73.1097
71.3913
73.7485
26.0895
32.4889
32.4882
26.834
28.8422
24.1555
26.1068
26.9142
30.5107
36.3203
31.0795
34.9769
33.6389
42.0076
40.0029
39.2219
40.9839
34.5845
39.83
45.4809
53.0691
49.512
53.2499
52.4401
54.8774
54.788
57.1564
62.4343
58.5341
66.4703
62.5308
58.7347
66.0071
66.9038
65.5292
69.9925
61.154
62.0064
71.2733
64.3083
71.5185
69.4329
74.4975
74.0254
72.2183
25.0722
23.3832
17.2429
20.6446
25.9748
24.1238
26.1381
25.2022
25.2848
29.796
36.7534
37.1523
27.514
30.1052
31.0087
35.3573
37.6792
36.3957
38.7105
41.4058
40.2818
41.0599
43.1266
45.1814
45.1484
45.4932
54.2595
46.5004
56.861
48.0814
47.0853
51.8614
53.636
55.5874
54.2586
54.4924
55.484
55.5681
58.1323
57.2385
67.5649
67.9033
59.874
60.2171
70.314
68.8911
71.6684
70.4588
69.1672
23.0279
17.509199999999996
25.4763
24.8071
27.9274
28.4475
27.514
29.6669
29.0681
28.3561
30.248
25.4383
35.7029
37.067
32.3271
30.7396
32.5773
38.3133
38.1401
40.6221
34.0253
34.9549
45.177
35.0632
39.7933
40.5613
49.3792
45.4177
52.7414
56.5899
54.2054
52.3141
54.9462
59.3227
57.4349
59.0414
60.9734
59.0761
58.2587
55.8792
59.0964
61.4703
62.959
65.7747
61.9023
64.0507
66.7089
62.9916
64.4652
69.934
70.1743
73.2366
68.2138
73.8559
21.8665
18.8194
25.0822
32.5272
24.7462
26.835699999999996
30.6194
29.2921
29.1254
31.0177
31.7441
36.5838
36.818
36.0818
34.6299
36.266
36.9303
39.3633
37.9596
43.9475
40.9279
41.2272
45.1375
46.2755
48.8814
48.4092
49.7226
52.9034
53.3641
53.6388
55.908
56.207
56.8765
59.3671
56.337
57.1929
70.4901
64.0044
61.1614
65.2308
66.0956
67.8232
71.2149
70.2036
68.0614
74.634
67.1332
71.2773
24.9074
24.3761
13.554099999999998
28.8869
27.784
16.0407
25.7737
28.2826
23.5703
22.7214
32.5399
29.7176
29.9799
30.6423
32.6945
35.7266
37.4729
36.785
38.1427
39.4931
46.0225
41.2507
46.4012
50.2953
49.0584
52.9767
50.3554
53.1464
55.3037
52.9416
54.4573
56.5481
57.9754
58.6073
59.5739
60.7029
62.1044
63.2204
63.1277
65.9245
64.8473
66.508
71.3681
70.6333
68.549
75.1468
70.61
26.2298
30.2783
23.7636
31.0396
25.3434
29.4136
26.2709
31.3616
26.7069
31.4833
37.5553
31.2306
31.289
31.228
38.1813
41.0898
31.7888
38.6088
36.9782
40.0136
39.9663
36.7464
40.7022
41.8381
42.4752
47.2944
52.1326
55.7444
47.0942
53.9133
57.2256
68.0188
67.6851
56.6776
69.692
61.69
67.713
50.1946
71.9673
72.1634
73.4172
71.4769
72.3182
25.3214
-20.93059999999999
29.2503
29.0131
15.423899999999996
24.9612
33.1561
25.8921
32.2457
40.0577
40.6267
28.394
33.5268
33.2876
41.6552
36.2153
39.0653
38.3293
41.9796
43.4814
50.0741
46.3451
49.542
51.6809
52.9665
53.6122
55.1102
54.3233
67.9082
56.0471
61.2206
58.0459
59.207
61.3795
63.6683
64.8701
65.4149
65.9933
70.106
74.4196
71.5355
70.8546
25.0827
23.5713
25.2904
25.9416
27.0283
29.2965
27.5493
32.1457
29.7339
30.5101
30.356
37.2094
32.0323
39.7193
40.5303
32.8326
40.5005
32.013
35.2763
34.3467
40.6306
39.9725
39.7813
40.3402
46.5002
42.9846
49.833
44.684
48.3861
53.2807
49.2457
53.7232
52.5876
56.1494
57.0303
55.9369
61.131
54.8641
61.2506
59.9637
58.9618
61.4121
61.9312
60.6921
66.7089
72.5632
68.3023
73.2891
73.3281
71.153
70.6195
72.0106
73.4008
20.3346
-8.228970000000004
22.2733
28.4158
26.9953
18.3988
31.8372
26.4635
19.7578
26.6082
21.0645
21.5841
31.9819
39.2802
40.0647
28.9217
41.0009
42.9691
33.485
32.3513
36.4299
42.7258
38.1822
42.477
47.6453
43.9792
53.9733
51.67
44.1617
54.5709
65.2409
54.549
58.3851
59.5504
69.2732
62.2849
62.4202
61.8983
71.6387
62.6778
66.7996
66.9506
69.5605
71.1483
66.9574
73.2259
73.3346
72.2312
73.4493
73.8647
74.4913
23.2169
18.8171
26.1695
29.5961
23.7123
25.311
17.7989
27.5805
23.3105
29.9145
37.1508
38.4955
38.9287
42.0543
42.1612
34.7778
38.9128
37.003
40.7244
40.7791
37.8186
42.3255
46.9764
47.8131
54.9517
52.8453
52.9743
55.9975
51.4481
53.3081
56.2313
58.0033
59.0133
57.404
53.5807
65.1176
62.1116
66.6358
60.9089
63.1552
62.2881
65.9156
67.3356
70.7101
72.0647
73.1627
73.9593
71.9122
70.5432
74.7978
23.8404
25.5269
26.3199
22.9285
28.2758
28.5025
31.331
31.7271
32.9983
37.8315
36.4152
37.0724
39.601
30.7097
37.6458
38.0543
38.3638
39.333
36.0595
37.1971
40.933
40.8306
41.2181
42.1725
42.6055
49.1006
46.298
51.9326
53.0858
66.3847
55.8888
55.5074
51.8455
52.9357
60.6851
56.9393
60.95
62.4032
58.3928
71.5992
71.1346
67.6305
69.6156
70.3457
71.8465
71.317
70.8128
21.4488
24.252
25.5109
27.7203
24.8026
27.7555
28.5973
32.4069
25.5143
35.8348
25.3078
20.8141
36.1472
35.7105
31.0129
35.3657
32.1618
32.7298
36.4593
41.607
40.2845
41.966
49.7805
45.8204
46.515
42.9815
52.2346
44.6474
52.8098
53.3446
65.4406
51.9421
66.6442
53.9077
54.559
56.6177
58.0455
55.719
68.8759
60.5337
69.4339
54.7175
65.7251
61.4124
67.8931
70.7269
68.4007
70.9067
72.9398
73.6508
75.4446
74.0555
68.522
69.8181
25.286
25.8884
30.6351
31.1708
31.5436
32.1198
24.8649
33.5987
25.9642
36.4147
30.1572
38.2832
33.8623
39.1322
29.2453
40.7156
39.4638
34.2448
36.019
30.5821
31.512100000000004
34.2908
38.8032
37.0134
43.1608
41.5831
41.1256
51.7077
52.4503
50.312
53.1047
53.2558
53.2646
51.7274
56.399
55.9858
67.6279
54.1368
59.1313
61.2955
60.0561
57.3481
63.5206
67.1648
69.4609
66.6044
73.9353
71.6449
71.4371
71.0215
69.2809
72.7588
70.5154
73.9443
75.1742
69.514
73.8321
18.9528
26.1742
23.4583
20.1103
23.5509
29.8914
26.6973
28.0383
30.9275
32.2874
33.0982
25.0398
33.705
28.5715
42.3805
35.8556
40.5441
41.3909
30.468
44.0184
33.7543
42.1568
43.1952
40.7845
47.8216
47.86
50.8066
45.755
49.5261
54.4559
66.0138
46.3874
47.984
66.9691
57.6711
56.2063
59.4989
70.6623
56.5652
61.7644
58.0081
59.519
62.1673
71.095
63.4878
67.3613
72.3839
70.7927
72.9279
74.1097
73.8377
73.8643
72.0241
29.2956
30.3661
27.3393
16.5007
23.3118
27.5702
32.0371
32.1742
36.5116
29.9058
29.8002
27.0026
28.3797
30.8569
31.8903
32.1055
40.3238
42.6533
42.1766
39.9027
42.9969
46.5046
47.8994
50.2186
49.8983
49.8358
50.4573
50.7749
53.3274
60.8114
61.4184
67.6683
61.4546
60.3839
61.3284
62.4345
66.3292
65.929
74.9639
67.709
74.8587
67.842
71.9709
67.5764
71.8253
72.9704
69.5878
73.2919
74.6263
22.085999999999995
25.000100000000003
25.5706
34.3013
26.6084
28.7534
28.0159
29.8195
41.4591
31.2632
33.8282
37.7712
37.961
36.5293
39.0413
38.1584
38.3234
40.8108
41.2692
40.2558
45.7304
42.3188
44.3722
45.4441
46.3531
46.4455
48.6505
50.4432
56.405
49.0416
57.9366
61.5053
60.6124
58.9809
63.7272
62.749
64.1102
67.7679
72.063
64.1046
65.778
62.1343
70.0257
70.1844
72.2386
72.8667
72.1503
56.5699
72.1156
73.6838
13.738599999999998
22.8316
23.8492
28.6438
27.2934
28.2858
28.0092
30.1501
30.6424
29.5704
35.6733
36.7849
31.589
41.7373
42.5354
39.2849
32.6904
43.2436
34.8173
32.2372
34.3566
37.7288
45.5581
42.3512
48.5627
45.1848
48.6386
48.8054
49.8649
50.0798
52.5146
53.422
52.0219
67.1643
56.5128
58.033
57.9116
61.1998
57.65350000000001
61.3006
74.4689
61.5396
72.0835
70.5656
66.0501
69.9187
72.1539
73.7506
62.9161
72.6942
74.2912
21.3166
25.0258
28.2626
24.546
29.716499999999996
26.7159
36.1257
27.1671
29.0559
38.2169
29.486
30.0029
30.2365
30.2743
37.0325
32.3023
39.5555
34.1537
37.1206
38.6479
42.3115
43.4807
49.8071
44.3671
51.5477
65.873
50.9166
54.7024
53.6337
54.8217
56.2159
66.2999
58.034
55.3347
55.4294
57.1562
59.1542
61.1902
65.7922
69.0007
66.71
66.6625
71.2368
72.6024
71.4682
71.648
68.4161
70.5955
69.8786
70.3632
70.8349
74.555
72.8516
75.4051
23.65
25.8969
23.0295
23.9096
29.6013
24.9249
27.9128
35.1606
29.4159
31.3149
36.5071
33.0002
37.6457
30.5342
41.7075
36.6458
27.7461
37.594
42.3271
41.1742
40.6153
47.326
64.2925
49.0783
48.4581
49.4753
50.2985
50.4009
65.8639
65.8323
53.2774
56.9986
57.8944
60.0489
59.2296
58.7313
61.0397
61.0838
73.8748
62.6035
62.2076
68.4143
72.0862
70.3728
73.0548
72.371
72.6304
75.22
73.6483
74.5103
